12345 1234 44827.00
23456 2345 6000.00
34567 3456 7000.00
45678 4567 8000.00
56789 5678 9000.00
67890 6789 1000.00
13456 1345 1111.00
14567 1456 2222.00
15678 1567 3333.00
16789 1678 4444.00
56565 5656 5555.00
65656 6565 6666.00
76767 7676 8888.00
67676 7677 8989.00
89989 8998 8999.00
98766 9876 6688.00
87654 3455 6565.00
84640 7485 3213.00
89406 8709 9873.00
98738 6486 934.00
45677 7649 3876.00
38965 8963 6386.00
76342 8686 7644.00
89763 6663 2345.00
98373 7865 7777.00
88733 7382 8294.00
87248 7488 8974.00
87655 6879 8764.00
55445 5352 87687.00
43674 6743 87263.00
43602 8226 930293.00
76575 7444 92022.00
90984 8689 987398.00
98459 7635 876522.00
67332 8392 764861.00
87444 7613 875432.00
64624 8649 876321.00
34636 7837 787444.00
64566 6644 645366.00
87638 8717 978958.00
87895 7875 875676.00
59587 9865 65656.00
76876 9835 67654.00
67876 2348 9876.00
63637 8362 87376.00
35241 8748 84822.00
92978 8722 45654.00
88489 7363 457236.00
27562 6287 27584.00
87287 7284 27582.00
57291 1037 269263.00
26522 1035 32894.00
39202 394 38682.00
20967 1290 18626.00
12964 1208 21986.00
19063 2896 38268.00
89382 2189 38932.00
10846 2445 23097.00
48976 8934 4704868.00
89389 8943 23786.00
19662 7920 34899.00
72815 8128 81628.00
87312 8732 487289.00
36278 3870 87932.00
32879 8743 28789.00
87325 8790 87239.00
28968 7093 30909.00
10974 7990 703129.00
28971 7977 32890.00
78429 8984 2387.00
12897 5689 28739.00
83426 3287 3486243.00
32778 1892 3489512.00
38219 8793 896437.00
87389 3289 8942.00
87937 3879 1048893.00
39288 8932 32899.00
87932 3892 87968.00
28793 2187 89322.00
37788 8938 873289.00
18963 9619 67328.00
87209 3878 18789.00
61327 8691 8732.00
15990 8739 87319.00
8916 8938 8918.00
91287 7309 8199.00
10972 9990 9999.00
19820 9376 28936.00
91279 3287 7329.00
32899 9632 87918.00
23983 8956 26122.00
10989 9887 13209.00
14262 7218 6712.00
21892 6896 62109.00
18249 7019 87289.00
10978 2699 42189.00
87956 8782 8782.00
12679 8914 12344.00
12318 2144 1255.00
15132 2155 5212.00
